OBC2-17200427
0
0
1720
0
0
0
0
0
OBC2-17200602
0
0
1720
0
0
0
0
0
OBC2-17200907
0
0
1720
0
0
0
0
0
OBC2-17201012
0
0
1720
0
0
0
0
0
OBC2-17210113
0
0
1721
0
0
0
0
0
OBC2-17210301
0
0
1721
0
0
0
0
0
OBC2-17210525
0
0
1721
0
0
0
0
0
OBC2-17210712
0
0
1721
0
0
0
0
0
OBC2-17211011
0
0
1721
0
0
0
0
0
OBC2-17211206
0
0
1721
0
0
0
0
0
OBC2-17220228
0
0
1722
0
0
0
0
0
OBC2-17220404
0
0
1722
0
0
0
0
0
OBC2-17220704
0
0
1722
0
0
0
0
0
OBC2-17220907
0
0
1722
0
0
0
0
0
OBC2-17221205
0
0
1722
0
0
0
0
0
OBC2-17230116
0
0
1723
0
0
0
0
0
OBC2-17230424
0
0
1723
0
0
0
0
0
OBC2-17230530
0
0
1723
0
0
0
0
0
OBC2-17230828
0
0
1723
0
0
0
0
0
OBC2-17231016
0
0
1723
0
0
0
0
0
OBC2-17240117
0
0
1724
0
0
0
0
0
OBC2-17240226
0
0
1724
0
0
0
0
0
OBC2-17240521
0
0
1724
0
0
0
0
0
OBC2-17240708
0
0
1724
0
0
0
0
0
OBC2-17241014
0
0
1724
0
0
0
0
0
OBC2-17241204
0
0
1724
0
0
0
0
0
OBC2-17250224
0
0
1725
0
0
0
0
0
OBC2-17250407
0
0
1725
0
0
0
0
0
OBC2-17250630
0
0
1725
0
0
0
0
0
OBC2-17250827
0
0
1725
0
0
0
0
0
OBC2-17251208
0
0
1725
0
0
0
0
0
OBC2-17260114
0
0
1726
0
0
0
0
0
OBC2-17260420
0
0
1726
0
0
0
0
0
OBC2-17260425
0
0
1726
0
0
0
0
0
OBC2-17260831
0
0
1726
0
0
0
0
0
OBC2-17261012
0
0
1726
0
0
0
0
0
OBC2-17270113
0
0
1727
0
0
0
0
0
OBC2-17270222
0
0
1727
0
0
0
0
0
OBC2-17270517
0
0
1727
0
0
0
0
0
OBC2-17270705
0
0
1727
0
0
0
0
0
OBC2-17271017
0
0
1727
0
0
0
0
0
OBC2-17271206
0
0
1727
0
0
0
0
0
OBC2-17280228
0
0
1728
0
0
0
0
0
OBC2-17280501
0
0
1728
0
0
0
0
0
OBC2-17280717
0
0
1728
0
0
0
0
0
OBC2-17280828
0
0
1728
0
0
0
0
0
OBC2-17281204
0
0
1728
0
0
0
0
0
OBC2-17290416
0
0
1729
0
0
0
0
0
OBC2-17290521
0
0
1729
0
0
0
0
0
OBC2-17290827
0
0
1729
0
0
0
0
0
OBC2-17291015
0
0
1729
0
0
0
0
0
OBC2-17300116
0
0
1730
0
0
0
0
0
OBC2-17300513
0
0
1730
0
0
0
0
0
OBC2-17301014
0
0
1730
0
0
0
0
0
OBC2-17301204
0
0
1730
0
0
0
0
0
OBC2-17310115
0
0
1731
0
0
0
0
0
OBC2-17310428
0
0
1731
0
0
0
0
0
OBC2-17310602
0
0
1731
0
0
0
0
0
OBC2-17310908
0
0
1731
0
0
0
0
0
OBC2-17311013
0
0
1731
0
0
0
0
0
OBC2-17311208
0
0
1731
0
0
0
0
0
OBC2-17320114
0
0
1732
0
0
0
0
0
OBC2-17320223
0
0
1732
0
0
0
0
0
OBC2-17320419
0
0
1732
0
0
0
0
0
OBC2-17320525
0
0
1732
0
0
0
0
0
OBC2-17320705
0
0
1732
0
0
0
0
0
OBC2-17320906
0
0
1732
0
0
0
0
0
OBC2-17321011
0
0
1732
0
0
0
0
0
OBC2-17321206
0
0
1732
0
0
0
0
0
OBC2-17330112
0
0
1733
0
0
0
0
0
OBC2-17330221
0
0
1733
0
0
0
0
0
OBC2-17330404
0
0
1733
0
0
0
0
0
OBC2-17330510
0
0
1733
0
0
0
0
0
OBC2-17330628
0
0
1733
0
0
0
0
0
OBC2-17330912
0
0
1733
0
0
0
0
0
OBC2-17331010
0
0
1733
0
0
0
0
0
OBC2-17331205
0
0
1733
0
0
0
0
0
OBC2-17340116
0
0
1734
0
0
0
0
0
OBC2-17340227
0
0
1734
0
0
0
0
0
OBC2-17340424
0
0
1734
0
0
0
0
0
OBC2-17340630
0
0
1734
0
0
0
0
0
OBC2-17340710
0
0
1734
0
0
0
0
0
OBC2-17340911
0
0
1734
0
0
0
0
0
OBC2-17341016
0
0
1734
0
0
0
0
0
OBC2-17341204
0
0
1734
0
0
0
0
0
OBC2-17350116
0
0
1735
0
0
0
0
0
OBC2-17350226
0
0
1735
0
0
0
0
0
OBC2-17350416
0
0
1735
0
0
0
0
0
OBC2-17350522
0
0
1735
0
0
0
0
0
OBC2-17350702
0
0
1735
0
0
0
0
0
OBC2-17350911
0
0
1735
0
0
0
0
0
OBC2-17351015
0
0
1735
0
0
0
0
0
OBC2-17360115
0
0
1736
0
0
0
0
0
OBC2-17360225
0
0
1736
0
0
0
0
0
OBC2-17360505
0
0
1736
0
0
0
0
0
OBC2-17360610
0
0
1736
0
0
0
0
0
OBC2-17360721
0
0
1736
0
0
0
0
0
OBC2-17361013
0
0
1736
0
0
0
0
0
OBC2-17361208
0
0
1736
0
0
0
0
0
OBC2-17370114
0
0
1737
0
0
0
0
0
OBC2-17370216
0
0
1737
0
0
0
0
0
OBC2-17370224
0
0
1737
0
0
0
0
0
OBC2-17370420
0
0
1737
0
0
0
0
0
OBC2-17370526
0
0
1737
0
0
0
0
0
OBC2-17370706
0
0
1737
0
0
0
0
0
OBC2-17370907
0
0
1737
0
0
0
0
0
OBC2-17371012
0
0
1737
0
0
0
0
0
OBC2-17371207
0
0
1737
0
0
0
0
0
OBC2-17380113
0
0
1738
0
0
0
0
0
OBC2-17380222
0
0
1738
0
0
0
0
0
OBC2-17380412
0
0
1738
0
0
0
0
0
OBC2-17380518
0
0
1738
0
0
0
0
0
OBC2-17380628
0
0
1738
0
0
0
0
0
OBC2-17380906
0
0
1738
0
0
0
0
0
OBC2-17381011
0
0
1738
0
0
0
0
0
OBC2-17381206
0
0
1738
0
0
0
0
0
OBC2-17390117
0
0
1739
0
0
0
0
0
OBC2-17390221
0
0
1739
0
0
0
0
0
OBC2-17390502
0
0
1739
0
0
0
0
0
OBC2-17390607
0
0
1739
0
0
0
0
0
OBC2-17390718
0
0
1739
0
0
0
0
0
OBC2-17390906
0
0
1739
0
0
0
0
0
OBC2-17391017
0
0
1739
0
0
0
0
0
OBC2-17391205
0
0
1739
0
0
0
0
0
OBC2-17400116
0
0
1740
0
0
0
0
0
OBC2-17400227
0
0
1740
0
0
0
0
0
OBC2-17400416
0
0
1740
0
0
0
0
0
OBC2-17400522
0
0
1740
0
0
0
0
0
OBC2-17400709
0
0
1740
0
0
0
0
0
OBC2-17400903
0
0
1740
0
0
0
0
0
OBC2-17401015
0
0
1740
0
0
0
0
0
OBC2-17401204
0
0
1740
0
0
0
0
0
OBC2-17410116
0
0
1741
0
0
0
0
0
OBC2-17410405
0
0
1741
0
0
0
0
0
OBC2-17410701
0
0
1741
0
0
0
0
0
OBC2-17410828
0
0
1741
0
0
0
0
0
OBC2-17411204
0
0
1741
0
0
0
0
0
OBC2-17420115
0
0
1742
0
0
0
0
0
OBC2-17420224
0
0
1742
0
0
0
0
0
OBC2-17420428
0
0
1742
0
0
0
0
0
OBC2-17420603
0
0
1742
0
0
0
0
0
OBC2-17420714
0
0
1742
0
0
0
0
0
OBC2-17420715
0
0
1742
0
0
0
0
0
OBC2-17420909
0
0
1742
0
0
0
0
0
OBC2-17430114
0
0
1743
0
0
0
0
0
OBC2-17430223
0
0
1743
0
0
0
0
0
OBC2-17430413
0
0
1743
0
0
0
0
0
OBC2-17430629
0
0
1743
0
0
0
0
0
OBC2-17431012
0
0
1743
0
0
0
0
0
OBC2-17431207
0
0
1743
0
0
0
0
0
OBC2-17440223
0
0
1744
0
0
0
0
0
OBC2-17440404
0
0
1744
0
0
0
0
0
OBC2-17440912
0
0
1744
0
0
0
0
0
OBC2-17441017
0
0
1744
0
0
0
0
0
OBC2-17441205
0
0
1744
0
0
0
0
0
OBC2-17450116
0
0
1745
0
0
0
0
0
OBC2-17450227
0
0
1745
0
0
0
0
0
OBC2-17450424
0
0
1745
0
0
0
0
0
OBC2-17450530
0
0
1745
0
0
0
0
0
OBC2-17450710
0
0
1745
0
0
0
0
0
OBC2-17450911
0
0
1745
0
0
0
0
0
OBC2-17451016
0
0
1745
0
0
0
0
0
OBC2-17451204
0
0
1745
0
0
0
0
0
OBC2-17460117
0
0
1746
0
0
0
0
0
OBC2-17460226
0
0
1746
0
0
0
0
0
OBC2-17460409
0
0
1746
0
0
0
0
0
OBC2-17460702
0
0
1746
0
0
0
0
0
OBC2-17460903
0
0
1746
0
0
0
0
0
OBC2-17461205
0
0
1746
0
0
0
0
0
OBC2-17470225
0
0
1747
0
0
0
0
0
OBC2-17470604
0
0
1747
0
0
0
0
0
OBC2-17470715
0
0
1747
0
0
0
0
0
OBC2-17470909
0
0
1747
0
0
0
0
0
OBC2-17471014
0
0
1747
0
0
0
0
0
OBC2-17480115
0
0
1748
0
0
0
0
0
OBC2-17480526
0
0
1748
0
0
0
0
0
OBC2-17480907
0
0
1748
0
0
0
0
0
OBC2-17481012
0
0
1748
0
0
0
0
0
OBC2-17481207
0
0
1748
0
0
0
0
0
OBC2-17490113
0
0
1749
0
0
0
0
0
OBC2-17490222
0
0
1749
0
0
0
0
0
OBC2-17490405
0
0
1749
0
0
0
0
0
OBC2-17490411
0
0
1749
0
0
0
0
0
OBC2-17490705
0
0
1749
0
0
0
0
0
OBC2-17490906
0
0
1749
0
0
0
0
0
OBC2-17491011
0
0
1749
0
0
0
0
0
OBC2-17491209
0
0
1749
0
0
0
0
0
OBC2-17500117
0
0
1750
0
0
0
0
0
OBC2-17500228
0
0
1750
0
0
0
0
0
OBC2-17500425
0
0
1750
0
0
0
0
0
OBC2-17500530
0
0
1750
0
0
0
0
0
OBC2-17500711
0
0
1750
0
0
0
0
0
OBC2-17500912
0
0
1750
0
0
0
0
0
OBC2-17501017
0
0
1750
0
0
0
0
0
OBC2-17501205
0
0
1750
0
0
0
0
0
OBC2-17510116
0
0
1751
0
0
0
0
0
OBC2-17510227
0
0
1751
0
0
0
0
0
OBC2-17510417
0
0
1751
0
0
0
0
0
OBC2-17510523
0
0
1751
0
0
0
0
0
OBC2-17510703
0
0
1751
0
0
0
0
0
OBC2-17520116
0
0
1752
0
0
0
0
0
OBC2-17520218
0
0
1752
0
0
0
0
0
OBC2-17520219
0
0
1752
0
0
0
0
0
OBC2-17520408
0
0
1752
0
0
0
0
0
OBC2-17520514
0
0
1752
0
0
0
0
0
OBC2-17520625
0
0
1752
0
0
0
0
0
OBC2-17520914
0
0
1752
0
0
0
0
0
OBC2-17530906
0
0
1753
0
0
0
0
0
OBC2-17531024
0
0
1753
0
0
0
0
0
OBC2-17540116
0
0
1754
0
0
0
0
0
OBC2-17540424
0
0
1754
0
0
0
0
0
OBC2-17540530
0
0
1754
0
0
0
0
0
OBC2-17540717
0
0
1754
0
0
0
0
0
OBC2-17550116
0
0
1755
0
0
0
0
0
OBC2-17550226
0
0
1755
0
0
0
0
0
OBC2-17550301
0
0
1755
0
0
0
0
0
OBC2-17550409
0
0
1755
0
0
0
0
0
OBC2-17550515
0
0
1755
0
0
0
0
0
OBC2-17550702
0
0
1755
0
0
0
0
0
OBC2-17550910
0
0
1755
0
0
0
0
0
OBC2-17551022
0
0
1755
0
0
0
0
0
OBC2-17551204
0
0
1755
0
0
0
0
0
OBC2-17561020
0
0
1756
0
0
0
0
0
OBC2-17561208
0
0
1756
0
0
0
0
0
OBC2-17570223
0
0
1757
0
0
0
0
0
OBC2-17570420
0
0
1757
0
0
0
0
0
OBC2-17570526
0
0
1757
0
0
0
0
0
OBC2-17570713
0
0
1757
0
0
0
0
0
OBC2-17570914
0
0
1757
0
0
0
0
0
OBC2-17580113
0
0
1758
0
0
0
0
0
OBC2-17580222
0
0
1758
0
0
0
0
0
OBC2-17580405
0
0
1758
0
0
0
0
0
OBC2-17581206
0
0
1758
0
0
0
0
0
OBC2-17590711
0
0
1759
0
0
0
0
0
OBC2-17591024
0
0
1759
0
0
0
0
0
OBC2-17600116
0
0
1760
0
0
0
0
0
OBC2-17600227
0
0
1760
0
0
0
0
0
OBC2-17600416
0
0
1760
0
0
0
0
0
OBC2-17600521
0
0
1760
0
0
0
0
0
OBC2-17600709
0
0
1760
0
0
0
0
0
OBC2-17600910
0
0
1760
0
0
0
0
0
OBC2-17601204
0
0
1760
0
0
0
0
0
OBC2-17610116
0
0
1761
0
0
0
0
0
OBC2-17610401
0
0
1761
0
0
0
0
0
OBC2-17610506
0
0
1761
0
0
0
0
0
OBC2-17610625
0
0
1761
0
0
0
0
0
OBC2-17611021
0
0
1761
0
0
0
0
0
OBC2-17620114
0
0
1762
0
0
0
0
0
OBC2-17620224
0
0
1762
0
0
0
0
0
OBC2-17620421
0
0
1762
0
0
0
0
0
OBC2-17620526
0
0
1762
0
0
0
0
0
OBC2-17620714
0
0
1762
0
0
0
0
0
OBC2-17620917
0
0
1762
0
0
0
0
0
OBC2-17621020
0
0
1762
0
0
0
0
0
OBC2-17630114
0
0
1763
0
0
0
0
0
OBC2-17630223
0
0
1763
0
0
0
0
0
OBC2-17630413
0
0
1763
0
0
0
0
0
OBC2-17630518
0
0
1763
0
0
0
0
0
OBC2-17631019
0
0
1763
0
0
0
0
0
OBC2-17640222
0
0
1764
0
0
0
0
0
OBC2-17640502
0
0
1764
0
0
0
0
0
OBC2-17640607
0
0
1764
0
0
0
0
0
OBC2-17640728
0
0
1764
0
0
0
0
0
OBC2-17650116
0
0
1765
0
0
0
0
0
OBC2-17650227
0
0
1765
0
0
0
0
0
OBC2-17650417
0
0
1765
0
0
0
0
0
OBC2-17650522
0
0
1765
0
0
0
0
0
OBC2-17650710
0
0
1765
0
0
0
0
0
OBC2-17650918
0
0
1765
0
0
0
0
0
OBC2-17651016
0
0
1765
0
0
0
0
0
OBC2-17660702
0
0
1766
0
0
0
0
0
OBC2-17661022
0
0
1766
0
0
0
0
0
OBC2-17670115
0
0
1767
0
0
0
0
0
OBC2-17670218
0
0
1767
0
0
0
0
0
OBC2-17670603
0
0
1767
0
0
0
0
0
OBC2-17670715
0
0
1767
0
0
0
0
0
OBC2-17670909
0
0
1767
0
0
0
0
0
OBC2-17690222
0
0
1769
0
0
0
0
0
OBC2-17690405
0
0
1769
0
0
0
0
0
OBC2-17700221
0
0
1770
0
0
0
0
0
OBC2-17700425
0
0
1770
0
0
0
0
0
OBC2-17700630
0
0
1770
0
0
0
0
0
OBC2-17700711
0
0
1770
0
0
0
0
0
OBC2-17700912
0
0
1770
0
0
0
0
0
OBC2-17701024
0
0
1770
0
0
0
0
0
OBC2-17710116
0
0
1771
0
0
0
0
0
OBC2-17710703
0
0
1771
0
0
0
0
0
OBC2-17710911
0
0
1771
0
0
0
0
0
OBC2-17720109
0
0
1772
0
0
0
0
0
OBC2-17720219
0
0
1772
0
0
0
0
0
OBC2-17720429
0
0
1772
0
0
0
0
0
OBC2-17720603
0
0
1772
0
0
0
0
0
OBC2-17720715
0
0
1772
0
0
0
0
0
OBC2-17720909
0
0
1772
0
0
0
0
0
OBC2-17721021
0
0
1772
0
0
0
0
0
OBC2-17730113
0
0
1773
0
0
0
0
0
OBC2-17730217
0
0
1773
0
0
0
0
0
OBC2-17730707
0
0
1773
0
0
0
0
0
OBC2-17731020
0
0
1773
0
0
0
0
0
OBC2-17740413
0
0
1774
0
0
0
0
0
OBC2-17740518
0
0
1774
0
0
0
0
0
OBC2-17741019
0
0
1774
0
0
0
0
0
OBC2-17750111
0
0
1775
0
0
0
0
0
OBC2-17750218
0
0
1775
0
0
0
0
0
OBC2-17750426
0
0
1775
0
0
0
0
0
OBC2-17750531
0
0
1775
0
0
0
0
0
OBC2-17750712
0
0
1775
0
0
0
0
0
OBC2-17750913
0
0
1775
0
0
0
0
0
OBC2-17751206
0
0
1775
0
0
0
0
0
OBC2-17760417
0
0
1776
0
0
0
0
0
OBC2-17770115
0
0
1777
0
0
0
0
0
OBC2-17770219
0
0
1777
0
0
0
0
0
OBC2-17770514
0
0
1777
0
0
0
0
0
OBC2-17770702
0
0
1777
0
0
0
0
0
OBC2-17770910
0
0
1777
0
0
0
0
0
OBC2-17771015
0
0
1777
0
0
0
0
0
OBC2-17780603
0
0
1778
0
0
0
0
0
OBC2-17790217
0
0
1779
0
0
0
0
0
OBC2-17790519
0
0
1779
0
0
0
0
0
OBC2-17790915
0
0
1779
0
0
0
0
0
OBC2-17800112
0
0
1780
0
0
0
0
0
OBC2-17800223
0
0
1780
0
0
0
0
0
OBC2-17800405
0
0
1780
0
0
0
0
0
OBC2-17800913
0
0
1780
0
0
0
0
0
OBC2-17801018
0
0
1780
0
0
0
0
0
OBC2-17801206
0
0
1780
0
0
0
0
0
OBC2-17810110
0
0
1781
0
0
0
0
0
OBC2-17810222
0
0
1781
0
0
0
0
0
OBC2-17810425
0
0
1781
0
0
0
0
0
OBC2-17810711
0
0
1781
0
0
0
0
0
OBC2-17811017
0
0
1781
0
0
0
0
0
OBC2-17820109
0
0
1782
0
0
0
0
0
OBC2-17820220
0
0
1782
0
0
0
0
0
OBC2-17820515
0
0
1782
0
0
0
0
0
OBC2-17820605
0
0
1782
0
0
0
0
0
OBC2-17820703
0
0
1782
0
0
0
0
0
OBC2-17821016
0
0
1782
0
0
0
0
0
OBC2-17830430
0
0
1783
0
0
0
0
0
OBC2-17830726
0
0
1783
0
0
0
0
0
OBC2-17841210
0
0
1784
0
0
0
0
0
OBC2-17850406
0
0
1785
0
0
0
0
0
OBC2-17860719
0
0
1786
0
0
0
0
0
OBC2-17861215
0
0
1786
0
0
0
0
0
OBC2-17870110
0
0
1787
0
0
0
0
0
OBC2-17870112
0
0
1787
0
0
0
0
0
OBC2-17870115
0
0
1787
0
0
0
0
0
OBC2-17870418
0
0
1787
0
0
0
0
0
OBC2-17870523
0
0
1787
0
0
0
0
0
OBC2-17900224
0
0
1790
0
0
0
0
0
OBC2-17900416
0
0
1790
0
0
0
0
0
OBC2-17900417
0
0
1790
0
0
0
0
0
OBC2-17900708
0
0
1790
0
0
0
0
0
OBC2-17900710
0
0
1790
0
0
0
0
0
OBC2-17910216
0
0
1791
0
0
0
0
0
OBC2-17910720
0
0
1791
0
0
0
0
0
OBC2-17910914
0
0
1791
0
0
0
0
0
OBC2-17911026
0
0
1791
0
0
0
0
0
OBC2-17911207
0
0
1791
0
0
0
0
0
OBC2-17920113
0
0
1792
0
0
0
0
0
OBC2-17920215
0
0
1792
0
0
0
0
0
OBC2-17920329
0
0
1792
0
0
0
0
0
OBC2-17920704
0
0
1792
0
0
0
0
0
OBC2-17920912
0
0
1792
0
0
0
0
0
OBC2-17921031
0
0
1792
0
0
0
0
0
OBC2-17930626
0
0
1793
0
0
0
0
0
OBC2-17931204
0
0
1793
0
0
0
0
0
OBC2-17940219
0
0
1794
0
0
0
0
0
OBC2-17950114
0
0
1795
0
0
0
0
0
OBC2-17950218
0
0
1795
0
0
0
0
0
OBC2-17950701
0
0
1795
0
0
0
0
0
OBC2-17960406
0
0
1796
0
0
0
0
0
OBC2-17961026
0
0
1796
0
0
0
0
0
OBC2-17970712
0
0
1797
0
0
0
0
0
OBC2-17970920
0
0
1797
0
0
0
0
0
OBC2-17971025
0
0
1797
0
0
0
0
0
OBC2-17980704
0
0
1798
0
0
0
0
0
OBC2-17981205
0
0
1798
0
0
0
0
0
OBC2-18000115
0
0
1800
0
0
0
0
0
OBC2-18000219
0
0
1800
0
0
0
0
0
OBC2-18000528
0
0
1800
0
0
0
0
0
OBC2-18000917
0
0
1800
0
0
0
0
0
OBC2-18001203
0
0
1800
0
0
0
0
0
OBC2-18020217
0
0
1802
0
0
0
0
0
OBC2-18020602
0
0
1802
0
0
0
0
0
OBC2-18020714
0
0
1802
0
0
0
0
0
OBC2-18021027
0
0
1802
0
0
0
0
0
OBC2-18030112
0
0
1803
0
0
0
0
0
OBC2-18030914
0
0
1803
0
0
0
0
0
OBC2-18031026
0
0
1803
0
0
0
0
0
OBC2-18031130
0
0
1803
0
0
0
0
0
OBC2-18040111
0
0
1804
0
0
0
0
0
OBC2-18050109
0
0
1805
0
0
0
0
0
OBC2-18050220
0
0
1805
0
0
0
0
0
OBC2-18060521
0
0
1806
0
0
0
0
0
OBC2-18060702
0
0
1806
0
0
0
0
0
OBC2-18070114
0
0
1807
0
0
0
0
0
OBC2-18070701
0
0
1807
0
0
0
0
0
OBC2-18070916
0
0
1807
0
0
0
0
0
OBC2-18081130
0
0
1808
0
0
0
0
0
OBC2-18090517
0
0
1809
0
0
0
0
0
OBC2-18100110
0
0
1810
0
0
0
0
0
OBC2-18100411
0
0
1810
0
0
0
0
0
OBC2-18100718
0
0
1810
0
0
0
0
0
OBC2-18110403
0
0
1811
0
0
0
0
0
OBC2-18120115
0
0
1812
0
0
0
0
0
OBC2-18120701
0
0
1812
0
0
0
0
0
OBC2-18120916
0
0
1812
0
0
0
0
0
OBC2-18130113
0
0
1813
0
0
0
0
0
OBC2-18130217
0
0
1813
0
0
0
0
0
OBC2-18131027
0
0
1813
0
0
0
0
0
OBC2-18140112
0
0
1814
0
0
0
0
0
OBC2-18150111
0
0
1815
0
0
0
0
0
OBC2-18150405
0
0
1815
0
0
0
0
0
OBC2-18150621
0
0
1815
0
0
0
0
0
OBC2-18150913
0
0
1815
0
0
0
0
0
OBC2-18161204
0
0
1816
0
0
0
0
0
OBC2-18170115
0
0
1817
0
0
0
0
0
OBC2-18170521
0
0
1817
0
0
0
0
0
OBC2-18170702
0
0
1817
0
0
0
0
0
OBC2-18170917
0
0
1817
0
0
0
0
0
OBC2-18180909
0
0
1818
0
0
0
0
0
OBC2-18200112
0
0
1820
0
0
0
0
0
OBC2-18200217
0
0
1820
0
0
0
0
0
OBC2-18201206
0
0
1820
0
0
0
0
0
OBC2-18210411
0
0
1821
0
0
0
0
0
OBC2-18210718
0
0
1821
0
0
0
0
0
OBC2-18210912
0
0
1821
0
0
0
0
0
OBC2-18211205
0
0
1821
0
0
0
0
0
OBC2-18220109
0
0
1822
0
0
0
0
0
OBC2-18220522
0
0
1822
0
0
0
0
0
OBC2-18220703
0
0
1822
0
0
0
0
0
OBC2-18230219
0
0
1823
0
0
0
0
0
OBC2-18231022
0
0
1823
0
0
0
0
0
OBC2-18250113
0
0
1825
0
0
0
0
0
OBC2-18261026
0
0
1826
0
0
0
0
0
OBC2-18270712
0
0
1827
0
0
0
0
0
OBC2-18271206
0
0
1827
0
0
0
0
0
OBC2-18290716
0
0
1829
0
0
0
0
0
OBC2-18300218
0
0
1830
0
0
0
0
0
OBC2-18320705
0
0
1832
0
0
0
0
0
OBC2-18341205
0
0
1834
0
0
0
0
0
OBC2-18350202
0
0
1835
0
0
0
0
0
OBC2-18350302
0
0
1835
0
0
0
0
0
OBC2-18350406
0
0
1835
0
0
0
0
0
OBC2-18350511
0
0
1835
0
0
0
0
0
OBC2-18350615
0
0
1835
0
0
0
0
0
OBC2-18350706
0
0
1835
0
0
0
0
0
OBC2-18351214
0
0
1835
0
0
0
0
0
OBC2-18360404
0
0
1836
0
0
0
0
0
OBC2-18360509
0
0
1836
0
0
0
0
0
OBC2-18360704
0
0
1836
0
0
0
0
0
OBC2-18360713
0
0
1836
0
0
0
0
0
OBC2-18360815
0
0
1836
0
0
0
0
0
OBC2-18370102
0
0
1837
0
0
0
0
0
OBC2-18370227
0
0
1837
0
0
0
0
0
OBC2-18380129
0
0
1838
0
0
0
0
0
OBC2-18380226
0
0
1838
0
0
0
0
0
OBC2-18390408
0
0
1839
0
0
0
0
0
OBC2-18390513
0
0
1839
0
0
0
0
0
OBC2-18410405
0
0
1841
0
0
0
0
0
OBC2-18410705
0
0
1841
0
0
0
0
0
OBC2-18410823
0
0
1841
0
0
0
0
0
OBC2-18410920
0
0
1841
0
0
0
0
0
OBC2-18411213
0
0
1841
0
0
0
0
0
OBC2-18421128
0
0
1842
0
0
0
0
0
OBC2-18430130
0
0
1843
0
0
0
0
0
OBC2-18430227
0
0
1843
0
0
0
0
0
OBC2-18430403
0
0
1843
0
0
0
0
0
OBC2-18430703
0
0
1843
0
0
0
0
0
OBC2-18430821
0
0
1843
0
0
0
0
0
OBC2-18451027
0
0
1845
0
0
0
0
0
OBC2-18451215
0
0
1845
0
0
0
0
0
OBC2-18460706
0
0
1846
0
0
0
0
0
OBC2-18481218
0
0
1848
0
0
0
0
0
OBC2-18490101
0
0
1849
0
0
0
0
0
OBC2-18490226
0
0
1849
0
0
0
0
0
OBC2-18500408
0
0
1850
0
0
0
0
0
OBC2-18500506
0
0
1850
0
0
0
0
0
OBC2-18501216
0
0
1850
0
0
0
0
0
OBC2-18510616
0
0
1851
0
0
0
0
0
OBC2-18511215
0
0
1851
0
0
0
0
0
OBC2-18520202
0
0
1852
0
0
0
0
0
OBC2-18520223
0
0
1852
0
0
0
0
0
OBC2-18520510
0
0
1852
0
0
0
0
0
OBC2-18520614
0
0
1852
0
0
0
0
0
OBC2-18520705
0
0
1852
0
0
0
0
0
OBC2-18521025
0
0
1852
0
0
0
0
0
OBC2-18530103
0
0
1853
0
0
0
0
0
OBC2-18530228
0
0
1853
0
0
0
0
0
OBC2-18530613
0
0
1853
0
0
0
0
0
OBC2-18540102
0
0
1854
0
0
0
0
0
OBC2-18540227
0
0
1854
0
0
0
0
0
OBC2-18540403
0
0
1854
0
0
0
0
0
OBC2-18540703
0
0
1854
0
0
0
0
0
OBC2-18550507
0
0
1855
0
0
0
0
0
OBC2-18570615
0
0
1857
0
0
0
0
0
OBC2-18570706
0
0
1857
0
0
0
0
0
OBC2-18590131
0
0
1859
0
0
0
0
0
OBC2-18601126
0
0
1860
0
0
0
0
0
OBC2-18601217
0
0
1860
0
0
0
0
0
OBC2-18610128
0
0
1861
0
0
0
0
0
OBC2-18610225
0
0
1861
0
0
0
0
0
OBC2-18610408
0
0
1861
0
0
0
0
0
OBC2-18610505
0
0
1861
0
0
0
0
0
OBC2-18620106
0
0
1862
0
0
0
0
0
OBC2-18620303
0
0
1862
0
0
0
0
0
OBC2-18620407
0
0
1862
0
0
0
0
0
OBC2-18620512
0
0
1862
0
0
0
0
0
OBC2-18620616
0
0
1862
0
0
0
0
0
OBC2-18620707
0
0
1862
0
0
0
0
0
OBC2-18640229
0
0
1864
0
0
0
0
0
OBC2-18640411
0
0
1864
0
0
0
0
0
OBC2-18650227
0
0
1865
0
0
0
0
0
OBC2-18651218
0
0
1865
0
0
0
0
0
OBC2-18660507
0
0
1866
0
0
0
0
0
OBC2-18660709
0
0
1866
0
0
0
0
0
OBC2-18670408
0
0
1867
0
0
0
0
0
OBC2-18670506
0
0
1867
0
0
0
0
0
OBC2-18670610
0
0
1867
0
0
0
0
0
OBC2-18680106
0
0
1868
0
0
0
0
0
OBC2-18680406
0
0
1868
0
0
0
0
0
OBC2-18680504
0
0
1868
0
0
0
0
0
OBC2-18690607
0
0
1869
0
0
0
0
0
OBC2-18690816
0
0
1869
0
0
0
0
0
OBC2-18700404
0
0
1870
0
0
0
0
0
OBC2-18700919
0
0
1870
0
0
0
0
0
OBC2-18701024
0
0
1870
0
0
0
0
0
OBC2-18701121
0
0
1870
0
0
0
0
0
OBC2-18701212
0
0
1870
0
0
0
0
0
OBC2-18710109
0
0
1871
0
0
0
0
0
OBC2-18710130
0
0
1871
0
0
0
0
0
OBC2-18710227
0
0
1871
0
0
0
0
0
OBC2-18710403
0
0
1871
0
0
0
0
0
OBC2-18710501
0
0
1871
0
0
0
0
0
OBC2-18710605
0
0
1871
0
0
0
0
0
OBC2-18710710
0
0
1871
0
0
0
0
0
OBC2-18720108
0
0
1872
0
0
0
0
0
OBC2-18720226
0
0
1872
0
0
0
0
0
OBC2-18720610
0
0
1872
0
0
0
0
0
OBC2-18720708
0
0
1872
0
0
0
0
0
OBC2-18720923
0
0
1872
0
0
0
0
0
OBC2-18721216
0
0
1872
0
0
0
0
0
OBC2-18730303
0
0
1873
0
0
0
0
0
OBC2-18730407
0
0
1873
0
0
0
0
0
OBC2-18741123
0
0
1874
0
0
0
0
0
OBC2-18750201
0
0
1875
0
0
0
0
0
OBC2-18750301
0
0
1875
0
0
0
0
0
OBC2-18760403
0
0
1876
0
0
0
0
0
OBC2-18780311
0
0
1878
0
0
0
0
0
OBC2-18800112
0
0
1880
0
0
0
0
0
OBC2-18800209
0
0
1880
0
0
0
0
0
OBC2-18800301
0
0
1880
0
0
0
0
0
OBC2-18800524
0
0
1880
0
0
0
0
0
OBC2-18800803
0
0
1880
0
0
0
0
0
OBC2-18801018
0
0
1880
0
0
0
0
0
OBC2-18801123
0
0
1880
0
0
0
0
0
OBC2-18801213
0
0
1880
0
0
0
0
0
OBC2-18810110
0
0
1881
0
0
0
0
0
OBC2-18810131
0
0
1881
0
0
0
0
0
OBC2-18810912
0
0
1881
0
0
0
0
0
OBC2-18811121
0
0
1881
0
0
0
0
0
OBC2-18811212
0
0
1881
0
0
0
0
0
OBC2-18820109
0
0
1882
0
0
0
0
0
OBC2-18820130
0
0
1882
0
0
0
0
0
OBC2-18820327
0
0
1882
0
0
0
0
0
OBC2-18820626
0
0
1882
0
0
0
0
0
OBC2-18830319
0
0
1883
0
0
0
0
0
OBC2-18840421
0
0
1884
0
0
0
0
0
OBC2-18860308
0
0
1886
0
0
0
0
0
OBC2-18871212
0
0
1887
0
0
0
0
0
OBC2-18880319
0
0
1888
0
0
0
0
0
OBC2-18890506
0
0
1889
0
0
0
0
0
OBC2-18900908
0
0
1890
0
0
0
0
0
OBC2-18901215
0
0
1890
0
0
0
0
0
OBC2-18910112
0
0
1891
0
0
0
0
0
OBC2-18910209
0
0
1891
0
0
0
0
0
OBC2-18910406
0
0
1891
0
0
0
0
0
OBC2-18910504
0
0
1891
0
0
0
0
0
OBC2-18910525
0
0
1891
0
0
0
0
0
OBC2-18920208
0
0
1892
0
0
0
0
0
OBC2-18920307
0
0
1892
0
0
0
0
0
OBC2-18920404
0
0
1892
0
0
0
0
0
OBC2-18920725
0
0
1892
0
0
0
0
0
OBC2-18930501
0
0
1893
0
0
0
0
0
OBC2-18940305
0
0
1894
0
0
0
0
0
OBC2-18950225
0
0
1895
0
0
0
0
0
OBC2-18950722
0
0
1895
0
0
0
0
0
OBC2-18951209
0
0
1895
0
0
0
0
0
OBC2-18960323
0
0
1896
0
0
0
0
0
OBC2-18961214
0
0
1896
0
0
0
0
0
OBC2-18970914
0
0
1897
0
0
0
0
0
OBC2-18980913
0
0
1898
0
0
0
0
0
OBC2-18981212
0
0
1898
0
0
0
0
0
OBC2-18990109
0
0
1899
0
0
0
0
0
OBC2-18990912
0
0
1899
0
0
0
0
0
OBC2-18991023
0
0
1899
0
0
0
0
0
OBC2-18991120
0
0
1899
0
0
0
0
0
OBC2-18991211
0
0
1899
0
0
0
0
0
OBC2-19000115
0
0
1900
0
0
0
0
0
OBC2-19000212
0
0
1900
0
0
0
0
0
OBC2-19000312
0
0
1900
0
0
0
0
0
OBC2-19010225
0
0
1901
0
0
0
0
0
OBC2-19020113
0
0
1902
0
0
0
0
0
OBC2-19020210
0
0
1902
0
0
0
0
0
OBC2-19020310
0
0
1902
0
0
0
0
0
OBC2-19020407
0
0
1902
0
0
0
0
0
OBC2-19020505
0
0
1902
0
0
0
0
0
OBC2-19020721
0
0
1902
0
0
0
0
0
OBC2-19020909
0
0
1902
0
0
0
0
0
OBC2-19030330
0
0
1903
0
0
0
0
0
OBC2-19040111
0
0
1904
0
0
0
0
0
OBC2-19040229
0
0
1904
0
0
0
0
0
OBC2-19040321
0
0
1904
0
0
0
0
0
OBC2-19040725
0
0
1904
0
0
0
0
0
OBC2-19050502
0
0
1905
0
0
0
0
0
OBC2-19050626
0
0
1905
0
0
0
0
0
OBC2-19060108
0
0
1906
0
0
0
0
0
OBC2-19060205
0
0
1906
0
0
0
0
0
OBC2-19060402
0
0
1906
0
0
0
0
0
OBC2-19060430
0
0
1906
0
0
0
0
0
OBC2-19070108
0
0
1907
0
0
0
0
0
OBC2-19070225
0
0
1907
0
0
0
0
0
OBC2-19070910
0
0
1907
0
0
0
0
0
OBC2-19090518
0
0
1909
0
0
0
0
0
OBC2-19100208
0
0
1910
0
0
0
0
0
OBC2-19100426
0
0
1910
0
0
0
0
0
OBC2-19100628
0
0
1910
0
0
0
0
0
OBC2-19101206
0
0
1910
0
0
0
0
0
OBC2-19110228
0
0
1911
0
0
0
0
0
OBC2-19110328
0
0
1911
0
0
0
0
0
OBC2-19110717
0
0
1911
0
0
0
0
0
OBC2-19111205
0
0
1911
0
0
0
0
0
OBC2-19120109
0
0
1912
0
0
0
0
0
OBC2-19120227
0
0
1912
0
0
0
0
0
OBC2-19120722
0
0
1912
0
0
0
0
0
OBC2-19130107
0
0
1913
0
0
0
0
0
OBC2-19130304
0
0
1913
0
0
0
0
0
OBC2POS-17200427
0
0
1720
0
0
0
0
0
OBC2POS-17200602
0
0
1720
0
0
0
0
0
OBC2POS-17200907
0
0
1720
0
0
0
0
0
OBC2POS-17201012
0
0
1720
0
0
0
0
0
OBC2POS-17210113
0
0
1721
0
0
0
0
0
OBC2POS-17210301
0
0
1721
0
0
0
0
0
OBC2POS-17210525
0
0
1721
0
0
0
0
0
OBC2POS-17210712
0
0
1721
0
0
0
0
0
OBC2POS-17211011
0
0
1721
0
0
0
0
0
OBC2POS-17211206
0
0
1721
0
0
0
0
0
OBC2POS-17220228
0
0
1722
0
0
0
0
0
OBC2POS-17220404
0
0
1722
0
0
0
0
0
OBC2POS-17220704
0
0
1722
0
0
0
0
0
OBC2POS-17220907
0
0
1722
0
0
0
0
0
OBC2POS-17221205
0
0
1722
0
0
0
0
0
OBC2POS-17230116
0
0
1723
0
0
0
0
0
OBC2POS-17230424
0
0
1723
0
0
0
0
0
OBC2POS-17230530
0
0
1723
0
0
0
0
0
OBC2POS-17230828
0
0
1723
0
0
0
0
0
OBC2POS-17231016
0
0
1723
0
0
0
0
0
OBC2POS-17240117
0
0
1724
0
0
0
0
0
OBC2POS-17240226
0
0
1724
0
0
0
0
0
OBC2POS-17240521
0
0
1724
0
0
0
0
0
OBC2POS-17240708
0
0
1724
0
0
0
0
0
OBC2POS-17241014
0
0
1724
0
0
0
0
0
OBC2POS-17241204
0
0
1724
0
0
0
0
0
OBC2POS-17250224
0
0
1725
0
0
0
0
0
OBC2POS-17250407
0
0
1725
0
0
0
0
0
OBC2POS-17250630
0
0
1725
0
0
0
0
0
OBC2POS-17250827
0
0
1725
0
0
0
0
0
OBC2POS-17251208
0
0
1725
0
0
0
0
0
OBC2POS-17260114
0
0
1726
0
0
0
0
0
OBC2POS-17260420
0
0
1726
0
0
0
0
0
OBC2POS-17260425
0
0
1726
0
0
0
0
0
OBC2POS-17260831
0
0
1726
0
0
0
0
0
OBC2POS-17261012
0
0
1726
0
0
0
0
0
OBC2POS-17270113
0
0
1727
0
0
0
0
0
OBC2POS-17270222
0
0
1727
0
0
0
0
0
OBC2POS-17270517
0
0
1727
0
0
0
0
0
OBC2POS-17270705
0
0
1727
0
0
0
0
0
OBC2POS-17271017
0
0
1727
0
0
0
0
0
OBC2POS-17271206
0
0
1727
0
0
0
0
0
OBC2POS-17280228
0
0
1728
0
0
0
0
0
OBC2POS-17280501
0
0
1728
0
0
0
0
0
OBC2POS-17280717
0
0
1728
0
0
0
0
0
OBC2POS-17280828
0
0
1728
0
0
0
0
0
OBC2POS-17281204
0
0
1728
0
0
0
0
0
OBC2POS-17290416
0
0
1729
0
0
0
0
0
OBC2POS-17290521
0
0
1729
0
0
0
0
0
OBC2POS-17290827
0
0
1729
0
0
0
0
0
OBC2POS-17291015
0
0
1729
0
0
0
0
0
OBC2POS-17300116
0
0
1730
0
0
0
0
0
OBC2POS-17300513
0
0
1730
0
0
0
0
0
OBC2POS-17301014
0
0
1730
0
0
0
0
0
OBC2POS-17301204
0
0
1730
0
0
0
0
0
OBC2POS-17310115
0
0
1731
0
0
0
0
0
OBC2POS-17310428
0
0
1731
0
0
0
0
0
OBC2POS-17310602
0
0
1731
0
0
0
0
0
OBC2POS-17310908
0
0
1731
0
0
0
0
0
OBC2POS-17311013
0
0
1731
0
0
0
0
0
OBC2POS-17311208
0
0
1731
0
0
0
0
0
OBC2POS-17320114
0
0
1732
0
0
0
0
0
OBC2POS-17320223
0
0
1732
0
0
0
0
0
OBC2POS-17320419
0
0
1732
0
0
0
0
0
OBC2POS-17320525
0
0
1732
0
0
0
0
0
OBC2POS-17320705
0
0
1732
0
0
0
0
0
OBC2POS-17320906
0
0
1732
0
0
0
0
0
OBC2POS-17321011
0
0
1732
0
0
0
0
0
OBC2POS-17321206
0
0
1732
0
0
0
0
0
OBC2POS-17330112
0
0
1733
0
0
0
0
0
OBC2POS-17330221
0
0
1733
0
0
0
0
0
OBC2POS-17330404
0
0
1733
0
0
0
0
0
OBC2POS-17330510
0
0
1733
0
0
0
0
0
OBC2POS-17330628
0
0
1733
0
0
0
0
0
OBC2POS-17330912
0
0
1733
0
0
0
0
0
OBC2POS-17331010
0
0
1733
0
0
0
0
0
OBC2POS-17331205
0
0
1733
0
0
0
0
0
OBC2POS-17340116
0
0
1734
0
0
0
0
0
OBC2POS-17340227
0
0
1734
0
0
0
0
0
OBC2POS-17340424
0
0
1734
0
0
0
0
0
OBC2POS-17340630
0
0
1734
0
0
0
0
0
OBC2POS-17340710
0
0
1734
0
0
0
0
0
OBC2POS-17340911
0
0
1734
0
0
0
0
0
OBC2POS-17341016
0
0
1734
0
0
0
0
0
OBC2POS-17341204
0
0
1734
0
0
0
0
0
OBC2POS-17350116
0
0
1735
0
0
0
0
0
OBC2POS-17350226
0
0
1735
0
0
0
0
0
OBC2POS-17350416
0
0
1735
0
0
0
0
0
OBC2POS-17350522
0
0
1735
0
0
0
0
0
OBC2POS-17350702
0
0
1735
0
0
0
0
0
OBC2POS-17350911
0
0
1735
0
0
0
0
0
OBC2POS-17351015
0
0
1735
0
0
0
0
0
OBC2POS-17360115
0
0
1736
0
0
0
0
0
OBC2POS-17360225
0
0
1736
0
0
0
0
0
OBC2POS-17360505
0
0
1736
0
0
0
0
0
OBC2POS-17360610
0
0
1736
0
0
0
0
0
OBC2POS-17360721
0
0
1736
0
0
0
0
0
OBC2POS-17361013
0
0
1736
0
0
0
0
0
OBC2POS-17361208
0
0
1736
0
0
0
0
0
OBC2POS-17370114
0
0
1737
0
0
0
0
0
OBC2POS-17370216
0
0
1737
0
0
0
0
0
OBC2POS-17370224
0
0
1737
0
0
0
0
0
OBC2POS-17370420
0
0
1737
0
0
0
0
0
OBC2POS-17370526
0
0
1737
0
0
0
0
0
OBC2POS-17370706
0
0
1737
0
0
0
0
0
OBC2POS-17370907
0
0
1737
0
0
0
0
0
OBC2POS-17371012
0
0
1737
0
0
0
0
0
OBC2POS-17371207
0
0
1737
0
0
0
0
0
OBC2POS-17380113
0
0
1738
0
0
0
0
0
OBC2POS-17380222
0
0
1738
0
0
0
0
0
OBC2POS-17380412
0
0
1738
0
0
0
0
0
OBC2POS-17380518
0
0
1738
0
0
0
0
0
OBC2POS-17380628
0
0
1738
0
0
0
0
0
OBC2POS-17380906
0
0
1738
0
0
0
0
0
OBC2POS-17381011
0
0
1738
0
0
0
0
0
OBC2POS-17381206
0
0
1738
0
0
0
0
0
OBC2POS-17390117
0
0
1739
0
0
0
0
0
OBC2POS-17390221
0
0
1739
0
0
0
0
0
OBC2POS-17390502
0
0
1739
0
0
0
0
0
OBC2POS-17390607
0
0
1739
0
0
0
0
0
OBC2POS-17390718
0
0
1739
0
0
0
0
0
OBC2POS-17390906
0
0
1739
0
0
0
0
0
OBC2POS-17391017
0
0
1739
0
0
0
0
0
OBC2POS-17391205
0
0
1739
0
0
0
0
0
OBC2POS-17400116
0
0
1740
0
0
0
0
0
OBC2POS-17400227
0
0
1740
0
0
0
0
0
OBC2POS-17400416
0
0
1740
0
0
0
0
0
OBC2POS-17400522
0
0
1740
0
0
0
0
0
OBC2POS-17400709
0
0
1740
0
0
0
0
0
OBC2POS-17400903
0
0
1740
0
0
0
0
0
OBC2POS-17401015
0
0
1740
0
0
0
0
0
OBC2POS-17401204
0
0
1740
0
0
0
0
0
OBC2POS-17410116
0
0
1741
0
0
0
0
0
OBC2POS-17410405
0
0
1741
0
0
0
0
0
OBC2POS-17410701
0
0
1741
0
0
0
0
0
OBC2POS-17410828
0
0
1741
0
0
0
0
0
OBC2POS-17411204
0
0
1741
0
0
0
0
0
OBC2POS-17420115
0
0
1742
0
0
0
0
0
OBC2POS-17420224
0
0
1742
0
0
0
0
0
OBC2POS-17420428
0
0
1742
0
0
0
0
0
OBC2POS-17420603
0
0
1742
0
0
0
0
0
OBC2POS-17420714
0
0
1742
0
0
0
0
0
OBC2POS-17420715
0
0
1742
0
0
0
0
0
OBC2POS-17420909
0
0
1742
0
0
0
0
0
OBC2POS-17430114
0
0
1743
0
0
0
0
0
OBC2POS-17430223
0
0
1743
0
0
0
0
0
OBC2POS-17430413
0
0
1743
0
0
0
0
0
OBC2POS-17430629
0
0
1743
0
0
0
0
0
OBC2POS-17431012
0
0
1743
0
0
0
0
0
OBC2POS-17431207
0
0
1743
0
0
0
0
0
OBC2POS-17440223
0
0
1744
0
0
0
0
0
OBC2POS-17440404
0
0
1744
0
0
0
0
0
OBC2POS-17440912
0
0
1744
0
0
0
0
0
OBC2POS-17441017
0
0
1744
0
0
0
0
0
OBC2POS-17441205
0
0
1744
0
0
0
0
0
OBC2POS-17450116
0
0
1745
0
0
0
0
0
OBC2POS-17450227
0
0
1745
0
0
0
0
0
OBC2POS-17450424
0
0
1745
0
0
0
0
0
OBC2POS-17450530
0
0
1745
0
0
0
0
0
OBC2POS-17450710
0
0
1745
0
0
0
0
0
OBC2POS-17450911
0
0
1745
0
0
0
0
0
OBC2POS-17451016
0
0
1745
0
0
0
0
0
OBC2POS-17451204
0
0
1745
0
0
0
0
0
OBC2POS-17460117
0
0
1746
0
0
0
0
0
OBC2POS-17460226
0
0
1746
0
0
0
0
0
OBC2POS-17460409
0
0
1746
0
0
0
0
0
OBC2POS-17460702
0
0
1746
0
0
0
0
0
OBC2POS-17460903
0
0
1746
0
0
0
0
0
OBC2POS-17461205
0
0
1746
0
0
0
0
0
OBC2POS-17470225
0
0
1747
0
0
0
0
0
OBC2POS-17470604
0
0
1747
0
0
0
0
0
OBC2POS-17470715
0
0
1747
0
0
0
0
0
OBC2POS-17470909
0
0
1747
0
0
0
0
0
OBC2POS-17471014
0
0
1747
0
0
0
0
0
OBC2POS-17480115
0
0
1748
0
0
0
0
0
OBC2POS-17480526
0
0
1748
0
0
0
0
0
OBC2POS-17480907
0
0
1748
0
0
0
0
0
OBC2POS-17481012
0
0
1748
0
0
0
0
0
OBC2POS-17481207
0
0
1748
0
0
0
0
0
OBC2POS-17490113
0
0
1749
0
0
0
0
0
OBC2POS-17490222
0
0
1749
0
0
0
0
0
OBC2POS-17490405
0
0
1749
0
0
0
0
0
OBC2POS-17490411
0
0
1749
0
0
0
0
0
OBC2POS-17490705
0
0
1749
0
0
0
0
0
OBC2POS-17490906
0
0
1749
0
0
0
0
0
OBC2POS-17491011
0
0
1749
0
0
0
0
0
OBC2POS-17491209
0
0
1749
0
0
0
0
0
OBC2POS-17500117
0
0
1750
0
0
0
0
0
OBC2POS-17500228
0
0
1750
0
0
0
0
0
OBC2POS-17500425
0
0
1750
0
0
0
0
0
OBC2POS-17500530
0
0
1750
0
0
0
0
0
OBC2POS-17500711
0
0
1750
0
0
0
0
0
OBC2POS-17500912
0
0
1750
0
0
0
0
0
OBC2POS-17501017
0
0
1750
0
0
0
0
0
OBC2POS-17501205
0
0
1750
0
0
0
0
0
OBC2POS-17510116
0
0
1751
0
0
0
0
0
OBC2POS-17510227
0
0
1751
0
0
0
0
0
OBC2POS-17510417
0
0
1751
0
0
0
0
0
OBC2POS-17510523
0
0
1751
0
0
0
0
0
OBC2POS-17510703
0
0
1751
0
0
0
0
0
OBC2POS-17520116
0
0
1752
0
0
0
0
0
OBC2POS-17520218
0
0
1752
0
0
0
0
0
OBC2POS-17520219
0
0
1752
0
0
0
0
0
OBC2POS-17520408
0
0
1752
0
0
0
0
0
OBC2POS-17520514
0
0
1752
0
0
0
0
0
OBC2POS-17520625
0
0
1752
0
0
0
0
0
OBC2POS-17520914
0
0
1752
0
0
0
0
0
OBC2POS-17530906
0
0
1753
0
0
0
0
0
OBC2POS-17531024
0
0
1753
0
0
0
0
0
OBC2POS-17540116
0
0
1754
0
0
0
0
0
OBC2POS-17540424
0
0
1754
0
0
0
0
0
OBC2POS-17540530
0
0
1754
0
0
0
0
0
OBC2POS-17540717
0
0
1754
0
0
0
0
0
OBC2POS-17550116
0
0
1755
0
0
0
0
0
OBC2POS-17550226
0
0
1755
0
0
0
0
0
OBC2POS-17550301
0
0
1755
0
0
0
0
0
OBC2POS-17550409
0
0
1755
0
0
0
0
0
OBC2POS-17550515
0
0
1755
0
0
0
0
0
OBC2POS-17550702
0
0
1755
0
0
0
0
0
OBC2POS-17550910
0
0
1755
0
0
0
0
0
OBC2POS-17551022
0
0
1755
0
0
0
0
0
OBC2POS-17551204
0
0
1755
0
0
0
0
0
OBC2POS-17561020
0
0
1756
0
0
0
0
0
OBC2POS-17561208
0
0
1756
0
0
0
0
0
OBC2POS-17570223
0
0
1757
0
0
0
0
0
OBC2POS-17570420
0
0
1757
0
0
0
0
0
OBC2POS-17570526
0
0
1757
0
0
0
0
0
OBC2POS-17570713
0
0
1757
0
0
0
0
0
OBC2POS-17570914
0
0
1757
0
0
0
0
0
OBC2POS-17580113
0
0
1758
0
0
0
0
0
OBC2POS-17580222
0
0
1758
0
0
0
0
0
OBC2POS-17580405
0
0
1758
0
0
0
0
0
OBC2POS-17581206
0
0
1758
0
0
0
0
0
OBC2POS-17590711
0
0
1759
0
0
0
0
0
OBC2POS-17591024
0
0
1759
0
0
0
0
0
OBC2POS-17600116
0
0
1760
0
0
0
0
0
OBC2POS-17600227
0
0
1760
0
0
0
0
0
OBC2POS-17600416
0
0
1760
0
0
0
0
0
OBC2POS-17600521
0
0
1760
0
0
0
0
0
OBC2POS-17600709
0
0
1760
0
0
0
0
0
OBC2POS-17600910
0
0
1760
0
0
0
0
0
OBC2POS-17601204
0
0
1760
0
0
0
0
0
OBC2POS-17610116
0
0
1761
0
0
0
0
0
OBC2POS-17610401
0
0
1761
0
0
0
0
0
OBC2POS-17610506
0
0
1761
0
0
0
0
0
OBC2POS-17610625
0
0
1761
0
0
0
0
0
OBC2POS-17611021
0
0
1761
0
0
0
0
0
OBC2POS-17620114
0
0
1762
0
0
0
0
0
OBC2POS-17620224
0
0
1762
0
0
0
0
0
OBC2POS-17620421
0
0
1762
0
0
0
0
0
OBC2POS-17620526
0
0
1762
0
0
0
0
0
OBC2POS-17620714
0
0
1762
0
0
0
0
0
OBC2POS-17620917
0
0
1762
0
0
0
0
0
OBC2POS-17621020
0
0
1762
0
0
0
0
0
OBC2POS-17630114
0
0
1763
0
0
0
0
0
OBC2POS-17630223
0
0
1763
0
0
0
0
0
OBC2POS-17630413
0
0
1763
0
0
0
0
0
OBC2POS-17630518
0
0
1763
0
0
0
0
0
OBC2POS-17631019
0
0
1763
0
0
0
0
0
OBC2POS-17640222
0
0
1764
0
0
0
0
0
OBC2POS-17640502
0
0
1764
0
0
0
0
0
OBC2POS-17640607
0
0
1764
0
0
0
0
0
OBC2POS-17640728
0
0
1764
0
0
0
0
0
OBC2POS-17650116
0
0
1765
0
0
0
0
0
OBC2POS-17650227
0
0
1765
0
0
0
0
0
OBC2POS-17650417
0
0
1765
0
0
0
0
0
OBC2POS-17650522
0
0
1765
0
0
0
0
0
OBC2POS-17650710
0
0
1765
0
0
0
0
0
OBC2POS-17650918
0
0
1765
0
0
0
0
0
OBC2POS-17651016
0
0
1765
0
0
0
0
0
OBC2POS-17660702
0
0
1766
0
0
0
0
0
OBC2POS-17661022
0
0
1766
0
0
0
0
0
OBC2POS-17670115
0
0
1767
0
0
0
0
0
OBC2POS-17670218
0
0
1767
0
0
0
0
0
OBC2POS-17670603
0
0
1767
0
0
0
0
0
OBC2POS-17670715
0
0
1767
0
0
0
0
0
OBC2POS-17670909
0
0
1767
0
0
0
0
0
OBC2POS-17690222
0
0
1769
0
0
0
0
0
OBC2POS-17690405
0
0
1769
0
0
0
0
0
OBC2POS-17700221
0
0
1770
0
0
0
0
0
OBC2POS-17700425
0
0
1770
0
0
0
0
0
OBC2POS-17700630
0
0
1770
0
0
0
0
0
OBC2POS-17700711
0
0
1770
0
0
0
0
0
OBC2POS-17700912
0
0
1770
0
0
0
0
0
OBC2POS-17701024
0
0
1770
0
0
0
0
0
OBC2POS-17710116
0
0
1771
0
0
0
0
0
OBC2POS-17710703
0
0
1771
0
0
0
0
0
OBC2POS-17710911
0
0
1771
0
0
0
0
0
OBC2POS-17720109
0
0
1772
0
0
0
0
0
OBC2POS-17720219
0
0
1772
0
0
0
0
0
OBC2POS-17720429
0
0
1772
0
0
0
0
0
OBC2POS-17720603
0
0
1772
0
0
0
0
0
OBC2POS-17720715
0
0
1772
0
0
0
0
0
OBC2POS-17720909
0
0
1772
0
0
0
0
0
OBC2POS-17721021
0
0
1772
0
0
0
0
0
OBC2POS-17730113
0
0
1773
0
0
0
0
0
OBC2POS-17730217
0
0
1773
0
0
0
0
0
OBC2POS-17730707
0
0
1773
0
0
0
0
0
OBC2POS-17731020
0
0
1773
0
0
0
0
0
OBC2POS-17740413
0
0
1774
0
0
0
0
0
OBC2POS-17740518
0
0
1774
0
0
0
0
0
OBC2POS-17741019
0
0
1774
0
0
0
0
0
OBC2POS-17750111
0
0
1775
0
0
0
0
0
OBC2POS-17750218
0
0
1775
0
0
0
0
0
OBC2POS-17750426
0
0
1775
0
0
0
0
0
OBC2POS-17750531
0
0
1775
0
0
0
0
0
OBC2POS-17750712
0
0
1775
0
0
0
0
0
OBC2POS-17750913
0
0
1775
0
0
0
0
0
OBC2POS-17751206
0
0
1775
0
0
0
0
0
OBC2POS-17760417
0
0
1776
0
0
0
0
0
OBC2POS-17770115
0
0
1777
0
0
0
0
0
OBC2POS-17770219
0
0
1777
0
0
0
0
0
OBC2POS-17770514
0
0
1777
0
0
0
0
0
OBC2POS-17770702
0
0
1777
0
0
0
0
0
OBC2POS-17770910
0
0
1777
0
0
0
0
0
OBC2POS-17771015
0
0
1777
0
0
0
0
0
OBC2POS-17780603
0
0
1778
0
0
0
0
0
OBC2POS-17790217
0
0
1779
0
0
0
0
0
OBC2POS-17790519
0
0
1779
0
0
0
0
0
OBC2POS-17790915
0
0
1779
0
0
0
0
0
OBC2POS-17800112
0
0
1780
0
0
0
0
0
OBC2POS-17800223
0
0
1780
0
0
0
0
0
OBC2POS-17800405
0
0
1780
0
0
0
0
0
OBC2POS-17800913
0
0
1780
0
0
0
0
0
OBC2POS-17801018
0
0
1780
0
0
0
0
0
OBC2POS-17801206
0
0
1780
0
0
0
0
0
OBC2POS-17810110
0
0
1781
0
0
0
0
0
OBC2POS-17810222
0
0
1781
0
0
0
0
0
OBC2POS-17810425
0
0
1781
0
0
0
0
0
OBC2POS-17810711
0
0
1781
0
0
0
0
0
OBC2POS-17811017
0
0
1781
0
0
0
0
0
OBC2POS-17820109
0
0
1782
0
0
0
0
0
OBC2POS-17820220
0
0
1782
0
0
0
0
0
OBC2POS-17820515
0
0
1782
0
0
0
0
0
OBC2POS-17820605
0
0
1782
0
0
0
0
0
OBC2POS-17820703
0
0
1782
0
0
0
0
0
OBC2POS-17821016
0
0
1782
0
0
0
0
0
OBC2POS-17830430
0
0
1783
0
0
0
0
0
OBC2POS-17830726
0
0
1783
0
0
0
0
0
OBC2POS-17841210
0
0
1784
0
0
0
0
0
OBC2POS-17850406
0
0
1785
0
0
0
0
0
OBC2POS-17860719
0
0
1786
0
0
0
0
0
OBC2POS-17861215
0
0
1786
0
0
0
0
0
OBC2POS-17870110
0
0
1787
0
0
0
0
0
OBC2POS-17870112
0
0
1787
0
0
0
0
0
OBC2POS-17870115
0
0
1787
0
0
0
0
0
OBC2POS-17870418
0
0
1787
0
0
0
0
0
OBC2POS-17870523
0
0
1787
0
0
0
0
0
OBC2POS-17900224
0
0
1790
0
0
0
0
0
OBC2POS-17900416
0
0
1790
0
0
0
0
0
OBC2POS-17900417
0
0
1790
0
0
0
0
0
OBC2POS-17900708
0
0
1790
0
0
0
0
0
OBC2POS-17900710
0
0
1790
0
0
0
0
0
OBC2POS-17910216
0
0
1791
0
0
0
0
0
OBC2POS-17910720
0
0
1791
0
0
0
0
0
OBC2POS-17910914
0
0
1791
0
0
0
0
0
OBC2POS-17911026
0
0
1791
0
0
0
0
0
OBC2POS-17911207
0
0
1791
0
0
0
0
0
OBC2POS-17920113
0
0
1792
0
0
0
0
0
OBC2POS-17920215
0
0
1792
0
0
0
0
0
OBC2POS-17920329
0
0
1792
0
0
0
0
0
OBC2POS-17920704
0
0
1792
0
0
0
0
0
OBC2POS-17920912
0
0
1792
0
0
0
0
0
OBC2POS-17921031
0
0
1792
0
0
0
0
0
OBC2POS-17930626
0
0
1793
0
0
0
0
0
OBC2POS-17931204
0
0
1793
0
0
0
0
0
OBC2POS-17940219
0
0
1794
0
0
0
0
0
OBC2POS-17950114
0
0
1795
0
0
0
0
0
OBC2POS-17950218
0
0
1795
0
0
0
0
0
OBC2POS-17950701
0
0
1795
0
0
0
0
0
OBC2POS-17960406
0
0
1796
0
0
0
0
0
OBC2POS-17961026
0
0
1796
0
0
0
0
0
OBC2POS-17970712
0
0
1797
0
0
0
0
0
OBC2POS-17970920
0
0
1797
0
0
0
0
0
OBC2POS-17971025
0
0
1797
0
0
0
0
0
OBC2POS-17980704
0
0
1798
0
0
0
0
0
OBC2POS-17981205
0
0
1798
0
0
0
0
0
OBC2POS-18000115
0
0
1800
0
0
0
0
0
OBC2POS-18000219
0
0
1800
0
0
0
0
0
OBC2POS-18000528
0
0
1800
0
0
0
0
0
OBC2POS-18000917
0
0
1800
0
0
0
0
0
OBC2POS-18001203
0
0
1800
0
0
0
0
0
OBC2POS-18020217
0
0
1802
0
0
0
0
0
OBC2POS-18020602
0
0
1802
0
0
0
0
0
OBC2POS-18020714
0
0
1802
0
0
0
0
0
OBC2POS-18021027
0
0
1802
0
0
0
0
0
OBC2POS-18030112
0
0
1803
0
0
0
0
0
OBC2POS-18030914
0
0
1803
0
0
0
0
0
OBC2POS-18031026
0
0
1803
0
0
0
0
0
OBC2POS-18031130
0
0
1803
0
0
0
0
0
OBC2POS-18040111
0
0
1804
0
0
0
0
0
OBC2POS-18050109
0
0
1805
0
0
0
0
0
OBC2POS-18050220
0
0
1805
0
0
0
0
0
OBC2POS-18060521
0
0
1806
0
0
0
0
0
OBC2POS-18060702
0
0
1806
0
0
0
0
0
OBC2POS-18070114
0
0
1807
0
0
0
0
0
OBC2POS-18070701
0
0
1807
0
0
0
0
0
OBC2POS-18070916
0
0
1807
0
0
0
0
0
OBC2POS-18081130
0
0
1808
0
0
0
0
0
OBC2POS-18090517
0
0
1809
0
0
0
0
0
OBC2POS-18100110
0
0
1810
0
0
0
0
0
OBC2POS-18100411
0
0
1810
0
0
0
0
0
OBC2POS-18100718
0
0
1810
0
0
0
0
0
OBC2POS-18110403
0
0
1811
0
0
0
0
0
OBC2POS-18120115
0
0
1812
0
0
0
0
0
OBC2POS-18120701
0
0
1812
0
0
0
0
0
OBC2POS-18120916
0
0
1812
0
0
0
0
0
OBC2POS-18130113
0
0
1813
0
0
0
0
0
OBC2POS-18130217
0
0
1813
0
0
0
0
0
OBC2POS-18131027
0
0
1813
0
0
0
0
0
OBC2POS-18140112
0
0
1814
0
0
0
0
0
OBC2POS-18150111
0
0
1815
0
0
0
0
0
OBC2POS-18150405
0
0
1815
0
0
0
0
0
OBC2POS-18150621
0
0
1815
0
0
0
0
0
OBC2POS-18150913
0
0
1815
0
0
0
0
0
OBC2POS-18161204
0
0
1816
0
0
0
0
0
OBC2POS-18170115
0
0
1817
0
0
0
0
0
OBC2POS-18170521
0
0
1817
0
0
0
0
0
OBC2POS-18170702
0
0
1817
0
0
0
0
0
OBC2POS-18170917
0
0
1817
0
0
0
0
0
OBC2POS-18180909
0
0
1818
0
0
0
0
0
OBC2POS-18200112
0
0
1820
0
0
0
0
0
OBC2POS-18200217
0
0
1820
0
0
0
0
0
OBC2POS-18201206
0
0
1820
0
0
0
0
0
OBC2POS-18210411
0
0
1821
0
0
0
0
0
OBC2POS-18210718
0
0
1821
0
0
0
0
0
OBC2POS-18210912
0
0
1821
0
0
0
0
0
OBC2POS-18211205
0
0
1821
0
0
0
0
0
OBC2POS-18220109
0
0
1822
0
0
0
0
0
OBC2POS-18220522
0
0
1822
0
0
0
0
0
OBC2POS-18220703
0
0
1822
0
0
0
0
0
OBC2POS-18230219
0
0
1823
0
0
0
0
0
OBC2POS-18231022
0
0
1823
0
0
0
0
0
OBC2POS-18250113
0
0
1825
0
0
0
0
0
OBC2POS-18261026
0
0
1826
0
0
0
0
0
OBC2POS-18270712
0
0
1827
0
0
0
0
0
OBC2POS-18271206
0
0
1827
0
0
0
0
0
OBC2POS-18290716
0
0
1829
0
0
0
0
0
OBC2POS-18300218
0
0
1830
0
0
0
0
0
OBC2POS-18320705
0
0
1832
0
0
0
0
0
OBC2POS-18341205
0
0
1834
0
0
0
0
0
OBC2POS-18350202
0
0
1835
0
0
0
0
0
OBC2POS-18350302
0
0
1835
0
0
0
0
0
OBC2POS-18350406
0
0
1835
0
0
0
0
0
OBC2POS-18350511
0
0
1835
0
0
0
0
0
OBC2POS-18350615
0
0
1835
0
0
0
0
0
OBC2POS-18350706
0
0
1835
0
0
0
0
0
OBC2POS-18351214
0
0
1835
0
0
0
0
0
OBC2POS-18360404
0
0
1836
0
0
0
0
0
OBC2POS-18360509
0
0
1836
0
0
0
0
0
OBC2POS-18360704
0
0
1836
0
0
0
0
0
OBC2POS-18360713
0
0
1836
0
0
0
0
0
OBC2POS-18360815
0
0
1836
0
0
0
0
0
OBC2POS-18370102
0
0
1837
0
0
0
0
0
OBC2POS-18370227
0
0
1837
0
0
0
0
0
OBC2POS-18380129
0
0
1838
0
0
0
0
0
OBC2POS-18380226
0
0
1838
0
0
0
0
0
OBC2POS-18390408
0
0
1839
0
0
0
0
0
OBC2POS-18390513
0
0
1839
0
0
0
0
0
OBC2POS-18410405
0
0
1841
0
0
0
0
0
OBC2POS-18410705
0
0
1841
0
0
0
0
0
OBC2POS-18410823
0
0
1841
0
0
0
0
0
OBC2POS-18410920
0
0
1841
0
0
0
0
0
OBC2POS-18411213
0
0
1841
0
0
0
0
0
OBC2POS-18421128
0
0
1842
0
0
0
0
0
OBC2POS-18430130
0
0
1843
0
0
0
0
0
OBC2POS-18430227
0
0
1843
0
0
0
0
0
OBC2POS-18430403
0
0
1843
0
0
0
0
0
OBC2POS-18430703
0
0
1843
0
0
0
0
0
OBC2POS-18430821
0
0
1843
0
0
0
0
0
OBC2POS-18451027
0
0
1845
0
0
0
0
0
OBC2POS-18451215
0
0
1845
0
0
0
0
0
OBC2POS-18460706
0
0
1846
0
0
0
0
0
OBC2POS-18481218
0
0
1848
0
0
0
0
0
OBC2POS-18490101
0
0
1849
0
0
0
0
0
OBC2POS-18490226
0
0
1849
0
0
0
0
0
OBC2POS-18500408
0
0
1850
0
0
0
0
0
OBC2POS-18500506
0
0
1850
0
0
0
0
0
OBC2POS-18501216
0
0
1850
0
0
0
0
0
OBC2POS-18510616
0
0
1851
0
0
0
0
0
OBC2POS-18511215
0
0
1851
0
0
0
0
0
OBC2POS-18520202
0
0
1852
0
0
0
0
0
OBC2POS-18520223
0
0
1852
0
0
0
0
0
OBC2POS-18520510
0
0
1852
0
0
0
0
0
OBC2POS-18520614
0
0
1852
0
0
0
0
0
OBC2POS-18520705
0
0
1852
0
0
0
0
0
OBC2POS-18521025
0
0
1852
0
0
0
0
0
OBC2POS-18530103
0
0
1853
0
0
0
0
0
OBC2POS-18530228
0
0
1853
0
0
0
0
0
OBC2POS-18530613
0
0
1853
0
0
0
0
0
OBC2POS-18540102
0
0
1854
0
0
0
0
0
OBC2POS-18540227
0
0
1854
0
0
0
0
0
OBC2POS-18540403
0
0
1854
0
0
0
0
0
OBC2POS-18540703
0
0
1854
0
0
0
0
0
OBC2POS-18550507
0
0
1855
0
0
0
0
0
OBC2POS-18570615
0
0
1857
0
0
0
0
0
OBC2POS-18570706
0
0
1857
0
0
0
0
0
OBC2POS-18590131
0
0
1859
0
0
0
0
0
OBC2POS-18601126
0
0
1860
0
0
0
0
0
OBC2POS-18601217
0
0
1860
0
0
0
0
0
OBC2POS-18610128
0
0
1861
0
0
0
0
0
OBC2POS-18610225
0
0
1861
0
0
0
0
0
OBC2POS-18610408
0
0
1861
0
0
0
0
0
OBC2POS-18610505
0
0
1861
0
0
0
0
0
OBC2POS-18620106
0
0
1862
0
0
0
0
0
OBC2POS-18620303
0
0
1862
0
0
0
0
0
OBC2POS-18620407
0
0
1862
0
0
0
0
0
OBC2POS-18620512
0
0
1862
0
0
0
0
0
OBC2POS-18620616
0
0
1862
0
0
0
0
0
OBC2POS-18620707
0
0
1862
0
0
0
0
0
OBC2POS-18640229
0
0
1864
0
0
0
0
0
OBC2POS-18640411
0
0
1864
0
0
0
0
0
OBC2POS-18650227
0
0
1865
0
0
0
0
0
OBC2POS-18651218
0
0
1865
0
0
0
0
0
OBC2POS-18660507
0
0
1866
0
0
0
0
0
OBC2POS-18660709
0
0
1866
0
0
0
0
0
OBC2POS-18670408
0
0
1867
0
0
0
0
0
OBC2POS-18670506
0
0
1867
0
0
0
0
0
OBC2POS-18670610
0
0
1867
0
0
0
0
0
OBC2POS-18680106
0
0
1868
0
0
0
0
0
OBC2POS-18680406
0
0
1868
0
0
0
0
0
OBC2POS-18680504
0
0
1868
0
0
0
0
0
OBC2POS-18690607
0
0
1869
0
0
0
0
0
OBC2POS-18690816
0
0
1869
0
0
0
0
0
OBC2POS-18700404
0
0
1870
0
0
0
0
0
OBC2POS-18700919
0
0
1870
0
0
0
0
0
OBC2POS-18701024
0
0
1870
0
0
0
0
0
OBC2POS-18701121
0
0
1870
0
0
0
0
0
OBC2POS-18701212
0
0
1870
0
0
0
0
0
OBC2POS-18710109
0
0
1871
0
0
0
0
0
OBC2POS-18710130
0
0
1871
0
0
0
0
0
OBC2POS-18710227
0
0
1871
0
0
0
0
0
OBC2POS-18710403
0
0
1871
0
0
0
0
0
OBC2POS-18710501
0
0
1871
0
0
0
0
0
OBC2POS-18710605
0
0
1871
0
0
0
0
0
OBC2POS-18710710
0
0
1871
0
0
0
0
0
OBC2POS-18720108
0
0
1872
0
0
0
0
0
OBC2POS-18720226
0
0
1872
0
0
0
0
0
OBC2POS-18720610
0
0
1872
0
0
0
0
0
OBC2POS-18720708
0
0
1872
0
0
0
0
0
OBC2POS-18720923
0
0
1872
0
0
0
0
0
OBC2POS-18721216
0
0
1872
0
0
0
0
0
OBC2POS-18730303
0
0
1873
0
0
0
0
0
OBC2POS-18730407
0
0
1873
0
0
0
0
0
OBC2POS-18741123
0
0
1874
0
0
0
0
0
OBC2POS-18750201
0
0
1875
0
0
0
0
0
OBC2POS-18750301
0
0
1875
0
0
0
0
0
OBC2POS-18760403
0
0
1876
0
0
0
0
0
OBC2POS-18780311
0
0
1878
0
0
0
0
0
OBC2POS-18800112
0
0
1880
0
0
0
0
0
OBC2POS-18800209
0
0
1880
0
0
0
0
0
OBC2POS-18800301
0
0
1880
0
0
0
0
0
OBC2POS-18800524
0
0
1880
0
0
0
0
0
OBC2POS-18800803
0
0
1880
0
0
0
0
0
OBC2POS-18801018
0
0
1880
0
0
0
0
0
OBC2POS-18801123
0
0
1880
0
0
0
0
0
OBC2POS-18801213
0
0
1880
0
0
0
0
0
OBC2POS-18810110
0
0
1881
0
0
0
0
0
OBC2POS-18810131
0
0
1881
0
0
0
0
0
OBC2POS-18810912
0
0
1881
0
0
0
0
0
OBC2POS-18811121
0
0
1881
0
0
0
0
0
OBC2POS-18811212
0
0
1881
0
0
0
0
0
OBC2POS-18820109
0
0
1882
0
0
0
0
0
OBC2POS-18820130
0
0
1882
0
0
0
0
0
OBC2POS-18820327
0
0
1882
0
0
0
0
0
OBC2POS-18820626
0
0
1882
0
0
0
0
0
OBC2POS-18830319
0
0
1883
0
0
0
0
0
OBC2POS-18840421
0
0
1884
0
0
0
0
0
OBC2POS-18860308
0
0
1886
0
0
0
0
0
OBC2POS-18871212
0
0
1887
0
0
0
0
0
OBC2POS-18880319
0
0
1888
0
0
0
0
0
OBC2POS-18890506
0
0
1889
0
0
0
0
0
OBC2POS-18900908
0
0
1890
0
0
0
0
0
OBC2POS-18901215
0
0
1890
0
0
0
0
0
OBC2POS-18910112
0
0
1891
0
0
0
0
0
OBC2POS-18910209
0
0
1891
0
0
0
0
0
OBC2POS-18910406
0
0
1891
0
0
0
0
0
OBC2POS-18910504
0
0
1891
0
0
0
0
0
OBC2POS-18910525
0
0
1891
0
0
0
0
0
OBC2POS-18920208
0
0
1892
0
0
0
0
0
OBC2POS-18920307
0
0
1892
0
0
0
0
0
OBC2POS-18920404
0
0
1892
0
0
0
0
0
OBC2POS-18920725
0
0
1892
0
0
0
0
0
OBC2POS-18930501
0
0
1893
0
0
0
0
0
OBC2POS-18940305
0
0
1894
0
0
0
0
0
OBC2POS-18950225
0
0
1895
0
0
0
0
0
OBC2POS-18950722
0
0
1895
0
0
0
0
0
OBC2POS-18951209
0
0
1895
0
0
0
0
0
OBC2POS-18960323
0
0
1896
0
0
0
0
0
OBC2POS-18961214
0
0
1896
0
0
0
0
0
OBC2POS-18970914
0
0
1897
0
0
0
0
0
OBC2POS-18980913
0
0
1898
0
0
0
0
0
OBC2POS-18981212
0
0
1898
0
0
0
0
0
OBC2POS-18990109
0
0
1899
0
0
0
0
0
OBC2POS-18990912
0
0
1899
0
0
0
0
0
OBC2POS-18991023
0
0
1899
0
0
0
0
0
OBC2POS-18991120
0
0
1899
0
0
0
0
0
OBC2POS-18991211
0
0
1899
0
0
0
0
0
OBC2POS-19000115
0
0
1900
0
0
0
0
0
OBC2POS-19000212
0
0
1900
0
0
0
0
0
OBC2POS-19000312
0
0
1900
0
0
0
0
0
OBC2POS-19010225
0
0
1901
0
0
0
0
0
OBC2POS-19020113
0
0
1902
0
0
0
0
0
OBC2POS-19020210
0
0
1902
0
0
0
0
0
OBC2POS-19020310
0
0
1902
0
0
0
0
0
OBC2POS-19020407
0
0
1902
0
0
0
0
0
OBC2POS-19020505
0
0
1902
0
0
0
0
0
OBC2POS-19020721
0
0
1902
0
0
0
0
0
OBC2POS-19020909
0
0
1902
0
0
0
0
0
OBC2POS-19030330
0
0
1903
0
0
0
0
0
OBC2POS-19040111
0
0
1904
0
0
0
0
0
OBC2POS-19040229
0
0
1904
0
0
0
0
0
OBC2POS-19040321
0
0
1904
0
0
0
0
0
OBC2POS-19040725
0
0
1904
0
0
0
0
0
OBC2POS-19050502
0
0
1905
0
0
0
0
0
OBC2POS-19050626
0
0
1905
0
0
0
0
0
OBC2POS-19060108
0
0
1906
0
0
0
0
0
OBC2POS-19060205
0
0
1906
0
0
0
0
0
OBC2POS-19060402
0
0
1906
0
0
0
0
0
OBC2POS-19060430
0
0
1906
0
0
0
0
0
OBC2POS-19070108
0
0
1907
0
0
0
0
0
OBC2POS-19070225
0
0
1907
0
0
0
0
0
OBC2POS-19070910
0
0
1907
0
0
0
0
0
OBC2POS-19090518
0
0
1909
0
0
0
0
0
OBC2POS-19100208
0
0
1910
0
0
0
0
0
OBC2POS-19100426
0
0
1910
0
0
0
0
0
OBC2POS-19100628
0
0
1910
0
0
0
0
0
OBC2POS-19101206
0
0
1910
0
0
0
0
0
OBC2POS-19110228
0
0
1911
0
0
0
0
0
OBC2POS-19110328
0
0
1911
0
0
0
0
0
OBC2POS-19110717
0
0
1911
0
0
0
0
0
OBC2POS-19111205
0
0
1911
0
0
0
0
0
OBC2POS-19120109
0
0
1912
0
0
0
0
0
OBC2POS-19120227
0
0
1912
0
0
0
0
0
OBC2POS-19120722
0
0
1912
0
0
0
0
0
OBC2POS-19130107
0
0
1913
0
0
0
0
0
OBC2POS-19130304
0
0
1913
0
0
0
0
0
